         0         0    1.0000
         0         0   -1.0000
    0.3090         0    0.9511
    0.3090         0   -0.9511
    0.1545    0.2676    0.9511
    0.1545    0.2676   -0.9511
   -0.1545    0.2676    0.9511
   -0.1545    0.2676   -0.9511
   -0.3090    0.0000    0.9511
   -0.3090    0.0000   -0.9511
   -0.1545   -0.2676    0.9511
   -0.1545   -0.2676   -0.9511
    0.1545   -0.2676    0.9511
    0.1545   -0.2676   -0.9511
    0.5878         0    0.8090
    0.5878         0   -0.8090
    0.5090    0.2939    0.8090
    0.5090    0.2939   -0.8090
    0.2939    0.5090    0.8090
    0.2939    0.5090   -0.8090
    0.0000    0.5878    0.8090
    0.0000    0.5878   -0.8090
   -0.2939    0.5090    0.8090
   -0.2939    0.5090   -0.8090
   -0.5090    0.2939    0.8090
   -0.5090    0.2939   -0.8090
   -0.5878    0.0000    0.8090
   -0.5878    0.0000   -0.8090
   -0.5090   -0.2939    0.8090
   -0.5090   -0.2939   -0.8090
   -0.2939   -0.5090    0.8090
   -0.2939   -0.5090   -0.8090
   -0.0000   -0.5878    0.8090
   -0.0000   -0.5878   -0.8090
    0.2939   -0.5090    0.8090
    0.2939   -0.5090   -0.8090
    0.5090   -0.2939    0.8090
    0.5090   -0.2939   -0.8090
    0.8090         0    0.5878
    0.8090         0   -0.5878
    0.7474    0.3096    0.5878
    0.7474    0.3096   -0.5878
    0.5721    0.5721    0.5878
    0.5721    0.5721   -0.5878
    0.3096    0.7474    0.5878
    0.3096    0.7474   -0.5878
    0.0000    0.8090    0.5878
    0.0000    0.8090   -0.5878
   -0.3096    0.7474    0.5878
   -0.3096    0.7474   -0.5878
   -0.5721    0.5721    0.5878
   -0.5721    0.5721   -0.5878
   -0.7474    0.3096    0.5878
   -0.7474    0.3096   -0.5878
   -0.8090    0.0000    0.5878
   -0.8090    0.0000   -0.5878
   -0.7474   -0.3096    0.5878
   -0.7474   -0.3096   -0.5878
   -0.5721   -0.5721    0.5878
   -0.5721   -0.5721   -0.5878
   -0.3096   -0.7474    0.5878
   -0.3096   -0.7474   -0.5878
   -0.0000   -0.8090    0.5878
   -0.0000   -0.8090   -0.5878
    0.3096   -0.7474    0.5878
    0.3096   -0.7474   -0.5878
    0.5721   -0.5721    0.5878
    0.5721   -0.5721   -0.5878
    0.7474   -0.3096    0.5878
    0.7474   -0.3096   -0.5878
    0.9511         0    0.3090
    0.9511         0   -0.3090
    0.8995    0.3088    0.3090
    0.8995    0.3088   -0.3090
    0.7505    0.5842    0.3090
    0.7505    0.5842   -0.3090
    0.5202    0.7962    0.3090
    0.5202    0.7962   -0.3090
    0.2335    0.9220    0.3090
    0.2335    0.9220   -0.3090
   -0.0785    0.9478    0.3090
   -0.0785    0.9478   -0.3090
   -0.3820    0.8710    0.3090
   -0.3820    0.8710   -0.3090
   -0.6441    0.6997    0.3090
   -0.6441    0.6997   -0.3090
   -0.8364    0.4527    0.3090
   -0.8364    0.4527   -0.3090
   -0.9381    0.1565    0.3090
   -0.9381    0.1565   -0.3090
   -0.9381   -0.1565    0.3090
   -0.9381   -0.1565   -0.3090
   -0.8364   -0.4527    0.3090
   -0.8364   -0.4527   -0.3090
   -0.6441   -0.6997    0.3090
   -0.6441   -0.6997   -0.3090
   -0.3820   -0.8710    0.3090
   -0.3820   -0.8710   -0.3090
   -0.0785   -0.9478    0.3090
   -0.0785   -0.9478   -0.3090
    0.2335   -0.9220    0.3090
    0.2335   -0.9220   -0.3090
    0.5202   -0.7962    0.3090
    0.5202   -0.7962   -0.3090
    0.7505   -0.5842    0.3090
    0.7505   -0.5842   -0.3090
    0.8995   -0.3088    0.3090
    0.8995   -0.3088   -0.3090
    1.0000         0    0.0000
    0.9511    0.3090    0.0000
    0.8090    0.5878    0.0000
    0.5878    0.8090    0.0000
    0.3090    0.9511    0.0000
    0.0000    1.0000    0.0000
   -0.3090    0.9511    0.0000
   -0.5878    0.8090    0.0000
   -0.8090    0.5878    0.0000
   -0.9511    0.3090    0.0000
   -1.0000    0.0000    0.0000
   -0.9511   -0.3090    0.0000
   -0.8090   -0.5878    0.0000
   -0.5878   -0.8090    0.0000
   -0.3090   -0.9511    0.0000
   -0.0000   -1.0000    0.0000
    0.3090   -0.9511    0.0000
    0.5878   -0.8090    0.0000
    0.8090   -0.5878    0.0000
    0.9511   -0.3090    0.0000
