         0         0    1.0000
         0         0   -1.0000
    0.5000         0    0.8660
    0.5000         0   -0.8660
    0.2500    0.4330    0.8660
    0.2500    0.4330   -0.8660
   -0.2500    0.4330    0.8660
   -0.2500    0.4330   -0.8660
   -0.5000    0.0000    0.8660
   -0.5000    0.0000   -0.8660
   -0.2500   -0.4330    0.8660
   -0.2500   -0.4330   -0.8660
    0.2500   -0.4330    0.8660
    0.2500   -0.4330   -0.8660
    0.8660         0    0.5000
    0.8660         0   -0.5000
    0.7285    0.4682    0.5000
    0.7285    0.4682   -0.5000
    0.3598    0.7878    0.5000
    0.3598    0.7878   -0.5000
   -0.1232    0.8572    0.5000
   -0.1232    0.8572   -0.5000
   -0.5671    0.6545    0.5000
   -0.5671    0.6545   -0.5000
   -0.8309    0.2440    0.5000
   -0.8309    0.2440   -0.5000
   -0.8309   -0.2440    0.5000
   -0.8309   -0.2440   -0.5000
   -0.5671   -0.6545    0.5000
   -0.5671   -0.6545   -0.5000
   -0.1232   -0.8572    0.5000
   -0.1232   -0.8572   -0.5000
    0.3598   -0.7878    0.5000
    0.3598   -0.7878   -0.5000
    0.7285   -0.4682    0.5000
    0.7285   -0.4682   -0.5000
    1.0000         0    0.0000
    0.8660    0.5000    0.0000
    0.5000    0.8660    0.0000
    0.0000    1.0000    0.0000
   -0.5000    0.8660    0.0000
   -0.8660    0.5000    0.0000
   -1.0000    0.0000    0.0000
   -0.8660   -0.5000    0.0000
   -0.5000   -0.8660    0.0000
   -0.0000   -1.0000    0.0000
    0.5000   -0.8660    0.0000
    0.8660   -0.5000    0.0000
