    0.7648         0    0.6442
    0.6434    0.4135    0.6442
    0.3177    0.6957    0.6442
   -0.1088    0.7571    0.6442
   -0.5009    0.5780    0.6442
   -0.7339    0.2155    0.6442
   -0.7339   -0.2155    0.6442
   -0.5009   -0.5780    0.6442
   -0.1088   -0.7571    0.6442
    0.3177   -0.6957    0.6442
    0.6434   -0.4135    0.6442
    0.8870         0    0.4618
    0.8103    0.3608    0.4618
    0.5935    0.6592    0.4618
    0.2741    0.8436    0.4618
   -0.0927    0.8821    0.4618
   -0.4435    0.7682    0.4618
   -0.7176    0.5214    0.4618
   -0.8676    0.1844    0.4618
   -0.8676   -0.1844    0.4618
   -0.7176   -0.5214    0.4618
   -0.4435   -0.7682    0.4618
   -0.0927   -0.8821    0.4618
    0.2741   -0.8436    0.4618
    0.5935   -0.6592    0.4618
    0.8103   -0.3608    0.4618
    0.9582         0    0.2860
    0.8853    0.3667    0.2860
    0.6776    0.6776    0.2860
    0.3667    0.8853    0.2860
    0.0000    0.9582    0.2860
   -0.3667    0.8853    0.2860
   -0.6776    0.6776    0.2860
   -0.8853    0.3667    0.2860
   -0.9582    0.0000    0.2860
   -0.8853   -0.3667    0.2860
   -0.6776   -0.6776    0.2860
   -0.3667   -0.8853    0.2860
   -0.0000   -0.9582    0.2860
    0.3667   -0.8853    0.2860
    0.6776   -0.6776    0.2860
    0.8853   -0.3667    0.2860
